5
4 -8 5 -10 6 33 -8 1 3 2 1 -12 3 -8 -1 8 4 47 -6 -10 -1 1 4 -39 5 4 -4 -9 -2 -36 
5
-1 9 5 10 10 146 -6 -7 -8 10 -10 -91 4 5 -3 -7 -5 -35 5 -4 8 3 -9 3 8 7 7 2 1 106 
5
2 6 -8 -9 -6 -49 6 5 -7 -2 2 45 1 -3 8 -8 -4 -69 -4 -9 6 -5 8 -119 -2 -1 -8 9 4 39 
5
-10 -4 7 7 1 39 2 5 9 -6 -9 -21 3 -10 4 2 8 34 8 10 5 9 -1 125 7 -1 -2 -10 7 -23 
5
-10 10 10 5 7 206 6 -1 3 2 9 77 -9 1 5 9 10 145 -1 -3 -5 5 5 -8 -10 -9 -3 -7 4 -161 
10
9 4 1 -8 1 2 -4 -4 10 9 77 9 -6 5 8 5 6 -4 9 2 3 119 5 -10 -1 5 4 7 3 -10 -10 -6 20 -5 -10 1 -5 -8 -10 -5 -8 -2 1 -279 4 5 -1 4 -1 5 -6 4 -2 -4 24 -10 -3 1 10 -3 2 9 9 5 7 82 4 -1 5 6 -9 -9 -6 3 9 3 -108 -4 -8 7 3 -8 -6 10 -3 -10 -8 -66 6 10 8 2 -8 3 5 5 3 -10 162 6 -2 4 7 -5 1 9 5 -1 6 127 
10
7 -5 4 -7 -8 2 4 -1 7 -9 -49 6 -6 -3 -10 3 -8 -8 9 6 -7 -82 6 8 10 -7 -7 5 -6 -6 2 7 17 3 -9 2 5 -2 5 8 10 -3 8 153 -6 1 4 -6 4 -3 1 -2 -2 10 -33 1 3 -4 9 -9 -5 -2 -5 -1 5 30 2 8 -6 5 2 -7 4 -10 -4 -9 -93 1 1 -4 -9 6 -4 8 3 -9 -10 -161 -7 8 2 -9 9 -5 1 -7 -8 -2 -182 1 -7 -4 6 -3 -6 6 -4 -10 -5 -100 
10
-2 -10 7 -7 -6 10 10 2 6 3 51 6 -2 -2 5 1 3 -9 7 9 -10 0 -3 3 -2 3 -7 6 4 -9 -5 -1 -44 -6 -4 10 5 2 2 -9 3 2 -1 53 7 -1 -1 -1 -2 -10 -1 -9 -2 2 -56 8 7 -1 -5 5 -4 1 -6 10 2 94 9 -3 -3 1 8 -3 -6 -3 3 7 135 8 1 -6 -7 3 -9 -9 -10 -2 6 -92 -4 -9 1 6 7 -7 7 -10 -7 5 51 -8 -4 -8 7 8 -1 -8 4 9 -8 -118 
10
2 -8 -9 5 -2 7 -4 -8 -9 9 -141 -6 7 -3 -6 -3 1 7 10 6 -6 88 -9 4 -7 3 -5 -10 -7 9 6 -10 -160 4 -4 7 -2 -8 4 4 4 -2 7 52 -2 -7 -8 1 -4 5 -8 -7 -9 7 -235 1 7 -5 9 4 -1 2 1 -1 6 152 8 -6 -8 5 -2 10 10 -2 8 4 113 -1 -3 -4 9 -1 -2 10 9 -4 -10 114 -8 7 -5 3 2 -3 8 1 6 -7 71 7 10 -1 8 -2 5 6 -2 -4 3 232 
10
2 -2 3 8 -3 -10 -4 -7 -6 -10 -125 1 1 1 9 2 9 6 -5 -3 -1 160 -2 -5 -7 1 3 10 -4 -3 -2 9 -25 -9 8 -9 -2 -4 3 -7 -2 7 8 -133 -7 5 -8 9 -7 8 9 10 -6 -8 77 -10 -8 -9 9 10 4 1 6 8 -3 54 -2 -10 7 4 -1 -7 -6 7 9 -7 -7 1 -2 3 10 -3 -2 3 7 -3 -10 85 5 6 -4 3 -4 -7 9 -7 -1 -5 -6 -5 6 -9 1 -6 3 -3 -6 4 -8 -122 
20
-3 -1 -3 -5 -6 6 -3 2 5 6 2 4 2 3 8 5 -6 -10 -3 -2 -52 -9 -2 -7 -9 5 -4 4 -7 -1 -9 2 -6 4 -10 10 1 -7 9 -8 -2 -169 3 -7 -6 10 -5 4 4 9 -4 -2 9 -1 1 9 -10 1 3 -8 -3 10 58 6 6 -5 -5 3 6 -1 -8 -2 -9 10 -3 -5 -2 9 -9 -7 -2 2 -9 -32 -7 -10 7 -10 9 -1 -2 -6 -10 -10 2 -2 9 9 10 6 -9 5 -3 -4 -11 1 9 -7 -3 -1 -5 -10 -9 10 6 -10 -5 7 -8 -1 8 3 6 9 2 -110 4 -2 10 -9 -9 -7 8 4 3 -10 -10 -2 -4 -3 -3 -9 1 -3 1 -10 -219 -6 2 10 7 10 -10 -5 1 8 -7 -2 9 -10 5 4 5 -8 -9 -3 -4 5 -9 1 -8 4 5 -10 3 -5 -3 10 -6 -6 -3 -4 7 -6 -9 -8 -8 -3 -250 -4 8 -2 2 -2 9 -1 6 -6 -9 -5 9 -5 -7 5 10 -10 -1 2 7 137 -10 -7 2 1 -4 -3 -8 -9 6 8 -5 6 1 -2 -6 2 6 -2 -8 -6 -245 -8 -7 -6 -5 8 -7 4 -3 5 6 7 6 -2 2 -9 9 -9 -1 6 -3 -120 -5 9 1 -5 -7 -1 2 3 -4 8 9 5 3 2 -8 2 6 -5 3 -10 -112 -2 5 3 -6 -8 -7 4 -3 10 -6 -8 -4 -1 -2 -3 -9 7 -5 -8 9 -233 5 -9 7 -5 5 -2 -7 2 4 -5 6 -10 -5 8 7 4 1 2 8 3 61 -10 9 5 1 -5 -2 3 -10 -8 -4 6 -7 10 3 10 4 4 -7 4 4 46 -9 4 7 -2 6 9 8 -8 10 4 6 -3 -8 2 -7 9 -6 -3 -7 -5 -71 -7 5 -9 6 10 9 3 2 10 -3 5 7 7 3 4 6 4 -9 -5 -8 193 5 5 -1 10 1 7 3 5 8 5 -10 -9 -9 5 -8 8 -4 -9 -7 -4 -85 6 7 -2 -7 7 4 10 5 9 -1 -6 9 -6 -7 1 -4 -4 -1 -6 -3 87 
20
5 8 -5 -4 -10 -4 8 -9 8 9 3 6 1 -6 5 -10 -1 -9 -9 3 -120 -6 9 1 10 8 6 9 -7 2 2 5 -6 -5 -7 -7 5 1 -6 1 -4 -50 3 5 1 -1 -8 7 2 -2 1 5 -3 3 6 6 -1 1 5 6 8 -8 167 -1 7 -8 -7 2 -8 -8 -10 -6 7 4 7 -10 -10 2 -5 -3 7 -7 8 -184 -7 -5 9 7 7 -4 6 -8 7 1 -5 1 -10 8 -9 -2 -7 2 10 -8 10 -6 2 -2 -4 -7 -1 8 6 -4 9 -7 -6 -1 -2 10 -9 -8 3 8 5 33 -8 -8 5 -4 6 5 5 5 7 -7 -6 10 -1 -8 -2 2 1 -2 -3 -10 -42 -6 -5 9 4 7 -5 -8 -2 -2 -6 -2 4 5 -9 9 3 -4 4 10 -3 37 2 9 -9 -2 3 6 5 10 2 7 9 -7 4 -5 7 -6 4 6 9 -5 155 -9 -3 2 8 6 -1 -6 -3 -3 -9 -6 -10 5 -6 -10 3 -1 4 -10 -7 -340 -2 4 -4 -10 -5 -7 2 6 4 7 -10 3 8 -4 2 4 9 9 6 8 158 -10 9 9 -7 -4 -2 2 10 8 7 6 -3 -7 1 -3 -3 2 -7 -5 -9 46 4 10 -6 -1 -7 2 -6 3 6 3 -3 6 1 -4 -9 2 -10 8 5 -6 -121 6 2 -5 1 -8 6 10 2 9 -7 8 1 -9 3 -4 -3 -9 -2 1 10 33 2 7 10 -4 6 1 1 8 1 8 1 -5 -6 5 -9 2 -6 -6 7 7 190 -4 -1 -5 4 10 10 1 9 2 10 6 -2 -8 1 2 8 10 7 3 1 318 -8 -2 10 -4 2 -6 6 6 9 6 5 7 -5 3 -2 7 -7 7 -10 10 207 1 7 -9 5 7 6 8 5 9 -3 10 -3 -7 8 3 -5 -2 9 4 -8 116 3 4 -10 9 6 -2 2 4 8 -1 9 3 6 -7 7 -5 -2 1 2 1 32 8 -3 -6 5 -2 -8 -6 -1 -5 -1 8 7 -7 7 8 6 -8 -9 8 -6 -32 
20
3 -1 -3 4 8 7 -9 2 7 -7 -9 6 -5 6 7 -4 10 4 4 4 304 -9 7 -2 8 -4 3 -9 8 -10 -1 -10 -9 7 1 -9 -10 -3 4 -2 -8 -239 -3 7 -3 5 10 10 -8 -5 -1 6 -9 7 2 6 -6 -3 -5 -8 9 9 107 7 4 -2 7 -2 -10 9 -5 9 -4 -10 8 1 8 -6 -10 -2 -6 2 5 61 7 -3 9 2 -5 -10 -2 -1 -3 -8 6 -7 -1 -10 1 -10 -8 -5 1 6 -225 -4 2 -3 -1 1 9 9 3 10 3 -10 6 6 -3 -5 -1 5 7 8 3 141 3 6 -7 -4 -10 -6 -5 -2 5 5 -7 10 9 -8 -6 1 -3 -1 -8 9 -117 6 -2 7 -9 -8 8 -7 -9 -6 -3 -10 -1 -10 9 -2 -6 6 6 -1 9 -66 10 -9 -6 2 -9 4 -9 -6 7 -8 9 -4 4 -5 2 2 -6 8 3 7 -51 5 9 4 5 4 8 -1 -8 8 3 -1 -3 -9 2 9 -9 4 1 1 5 212 -10 8 -3 -10 3 1 -8 -8 -1 -4 -7 3 3 -5 4 1 7 5 -1 -5 -107 -2 -4 7 -4 7 -4 -5 4 -3 1 6 9 -2 1 -9 -7 10 -1 1 10 34 -9 3 -7 -6 6 3 -2 5 4 -7 -7 -5 -1 7 -7 -8 -10 -1 -10 -10 -152 -3 6 3 4 7 9 5 6 1 6 -2 -5 3 -6 -8 10 -6 5 -1 -8 96 7 -6 -10 -10 6 10 5 7 -3 -7 5 -5 -6 -10 1 -6 9 -7 1 9 -43 -10 -10 2 6 1 -8 -9 6 -8 -1 -5 7 3 3 9 1 -6 9 1 9 -42 1 3 4 -5 7 6 9 -7 -10 9 9 -4 -10 -1 -3 6 8 -10 -4 -6 -29 -4 5 1 -9 -7 7 9 10 7 -8 -8 10 10 6 -10 7 -7 -10 -4 5 143 1 7 -4 6 -6 -8 7 -4 -8 -8 -5 -2 3 1 1 8 -9 4 7 -2 -115 -3 -2 -9 2 -2 -6 9 6 4 -4 3 3 -6 2 -5 5 2 2 10 -5 -42 
20
-10 -4 5 -7 -6 3 -9 2 3 -1 -5 10 -3 4 10 -3 6 8 -4 4 61 -10 -9 3 -10 4 -2 1 1 7 -10 1 4 -10 -5 -1 -1 2 -2 -6 3 -194 2 6 -9 -4 -6 4 -1 9 7 3 -3 -6 5 -9 8 9 1 -7 3 8 22 -8 4 10 3 6 -4 6 7 3 -9 1 4 -9 -5 5 3 -1 -3 -9 -3 54 -5 -1 -8 9 2 5 4 -2 -8 10 -2 -1 4 -9 1 -7 -8 -10 4 -8 -160 10 5 -4 -10 -4 -8 8 7 -4 4 -9 5 10 7 -5 -1 -3 10 -1 1 145 9 3 3 6 -9 3 6 8 -7 7 -10 7 -6 1 10 10 -4 -8 -7 7 229 -2 5 9 -4 -3 -1 1 3 1 -10 -8 1 3 -6 -3 2 2 2 6 -3 -14 -9 -8 -4 -6 8 -6 -6 -9 6 -3 9 -5 1 -9 6 5 -6 8 -10 7 -273 9 -5 -3 6 10 -3 -8 8 -6 -1 -2 4 -5 2 1 -8 -10 -4 -2 -6 -9 -2 -2 5 7 -7 10 2 10 2 5 6 5 9 -8 2 -10 -6 3 7 4 159 -4 8 7 -1 -3 9 7 7 2 -4 -6 9 10 2 5 -2 -2 3 -6 3 265 -3 7 -5 -3 9 -2 9 -4 9 -6 1 -1 10 5 -5 3 -10 2 10 10 111 -10 7 -4 7 4 -5 8 3 -10 9 -9 1 -7 -3 2 4 -1 2 10 -4 51 3 5 7 3 -9 -6 -2 3 10 -10 -10 -1 -7 -6 -7 3 -9 -9 -1 9 -198 -4 -9 8 -7 -10 5 -10 2 5 4 10 9 -7 -8 1 3 3 8 -2 6 -78 2 -4 2 4 -4 -5 8 -10 -4 5 7 -4 10 4 7 8 -2 -3 -6 -1 72 7 -10 8 -2 -2 -7 -3 10 -4 6 -4 -5 -8 5 -3 8 -3 -1 5 -6 -42 -10 3 -5 10 4 2 -1 -5 -2 -1 3 -5 2 -8 6 -1 6 -5 5 -8 -40 -2 -8 -2 2 7 8 10 6 -7 -2 4 2 -9 3 5 6 -8 10 5 9 195 
20
-6 10 -3 -8 10 5 -10 3 -6 -7 -9 6 -9 9 8 7 10 2 -7 -10 -75 -6 3 -1 7 10 7 -5 -3 4 -8 -3 -3 9 4 -1 7 -7 -3 9 4 83 5 2 -7 4 -9 -9 -8 1 2 10 9 -10 -2 -7 7 -8 4 4 -2 8 45 7 6 7 7 -8 1 -3 -8 -6 -4 3 6 -4 7 -4 -5 4 -4 3 -3 -33 -7 7 2 -1 -9 -2 -7 8 2 -8 10 -2 2 10 4 2 8 4 5 -8 141 9 6 -8 4 10 10 2 -8 -5 -4 6 4 -3 -7 4 -7 -2 10 5 -8 49 -1 1 -8 -8 -4 8 7 6 5 10 -4 2 6 -5 5 8 -2 8 -6 8 246 -3 9 7 9 -8 8 3 7 7 -9 2 -1 -2 9 -6 2 -8 3 10 -2 219 5 -8 8 -2 7 7 1 -4 4 10 5 6 -4 3 -2 -4 -2 8 -2 -10 178 4 2 -4 9 9 6 -2 1 8 -7 2 -2 -7 1 -10 10 -6 4 8 -4 220 -6 -2 7 1 -9 3 -3 3 -3 -9 -5 -2 6 -8 4 3 6 -3 7 -9 -132 -1 -6 -7 -9 3 -7 -10 -3 1 -5 5 -4 -1 4 1 -9 -7 8 2 -5 -189 -10 -1 -8 -3 -7 -6 -5 -3 10 3 -6 5 7 -2 4 7 6 -8 3 -7 -39 4 -1 -1 10 1 -8 5 7 6 2 9 -8 -5 -6 1 10 -6 10 6 -1 289 -5 9 -3 1 10 4 7 -6 -3 -5 6 7 -7 -10 -9 -4 -6 -8 -1 -6 -210 7 -8 -2 -1 7 -4 8 8 1 -4 -10 -10 -5 6 -4 10 7 -5 -9 8 45 3 9 -3 -3 -1 -2 -2 2 -1 8 10 -3 7 -6 1 -3 10 -8 -6 3 75 -10 5 7 10 -5 -7 5 -4 -6 -6 1 2 1 10 1 8 -8 -7 -9 7 -76 -8 5 -9 -10 2 7 9 3 4 -4 6 -7 9 -5 -10 5 4 -3 6 6 72 -1 7 -6 10 -8 5 -10 -4 -5 -8 -7 -1 3 -4 -4 -2 -4 -4 3 -1 -190 
